100 7.137568608700092
120.19485484580197 9.50190427486177
190.3709032996946 8.845972035830854
239.58405837313717 3.0983056597506105
252.51225114063422 5.623413251903491
289.8657224154888 3.4905945661923825
337.1455282105012 4.124626382901348
364.79947804962416 2.68530785872379
416.0212831838956 6.3354161584330395
447.19741733015377 2.954025236332104
477.56221429096905 5.759105436637951
527.0186241821643 4.224153047586684
597.0823546148517 4.758990007415167
629.3015090567128 9.731183912056759
685.4071724448069 6.805189710639766
736.7707608396374 10.206474142460511
791.9834747161624 6.644850388929371
845.7593161547164 9.9659960352157
909.1395011637409 9.278026770902377
964.5131014237811 10.963288137548714
1030.0037401345965 8.845972035830854
1151.7041758682826 9.731183912056759
1270.9748218504174 18.971711373202716
1375.2249780271732 16.05540635272989
1478.282682354546 20.37847109037882
1568.3214874215982 19.898327204453487
1708.145905750877 25.256133465217918
1800.3191483886028 25.256133465217918
1935.2328981051774 36.11538988740124
2107.7694707909895 34.43358559915089
2583.8552969005477 49.238826317067314
2966.078195691315 64.00486969480275
3188.3525250464522 65.54929835645098
3612.223450264496 91.52473108773893
4229.102554931758 113.43151375136549
4791.334490929735 178.43468969435838
7059.719511332295 711.3298045538501
8429.857955955107 1291.0609503014655
9061.58136312654 1145.9656438316842
10402.037192985605 1118.9651689223524
12920.211257474455 4054.974856828529
13797.496269240075 3350.7955421688434
14734.349114420475 4460.754107149754
16367.412525015467 4568.391487375621
19543.972316594525 6851.707530744605
24921.622860438147 10778.153854181437
27866.245528419422 12435.823691345366
33493.793363858575 57200.05543733233
34840.368430503135 183989.44077985425
35533.82343905455 806872.16507006
36479.94780496238 7588877.016158519
39732.33420878396 8549735.17307437
45609.83360870083 167252.56276476601
49350.9244589353 141542.73201292427
