38.47096510578113 0.0004965311301422344
45.73193930660775 0.0006576376873727653
53.779114058159294 0.0008575217231444456
62.90270828759556 0.0011535261840108586
75.58888022670904 0.001626099719187775
92.81581546961588 0.002257005979034165
112.13944292656947 0.003231664517077895
136.95497017082235 0.004485427823280476
173.71544895100706 0.0071635813018410405
211.01030173555498 0.009488599877554066
257.714542333193 0.01423669854633872
313.06140007556576 0.021360357308882527
392.8150677970798 0.03205201434887644
469.49615076918576 0.04518217302239444
558.1206499366119 0.06270541662212432
656.353764026253 0.08838794725536898
788.7267083715336 0.12459848610613423
952.9482187210562 0.184050985427269
1108.6139367891737 0.24757828009342808
1346.7002213083967 0.37145975294070166
1566.6745556141673 0.4919491896257895
1783.6561805741162 0.6617027148243759
2041.6226471046332 0.8362764614437525
2262.4290116604298 1.0733840772272103
2561.8279142972983 1.356520125097271
2932.4040004887074 1.7964326078015818
3302.658309914877 2.378876094518937
3739.743442755017 3.0535766453988007
4257.6601187825045 4.043761952620185
4743.677391363394 5.190375632232885
5459.298461476625 6.981637891790854
6082.617575591388 9.390057666840214
6813.6922022935305 12.242082712825388
7429.247318505687 15.46930772591823
8188.411003712626 19.854923705699317